signet=1

[signet]

rpcauth=jeet:3712af686e24ee0i$9383ed87207b5ca5a614a5ed769eb54f9e821eb74d1b17deb4d225af25f3ec60
rpcpassword=SzKyQMucjU9pd6om64xcuMiEp4FqDtKAn_Q6QA16e6k
rpcuser=jeet
txindex=1
server=1

fallbackfee=0.00000001
paytxfee=0.00001000
maxtxfee=1.0
mintxfee=0.00000001
minrelaytxfee=0.00000001
blockmintxfee=0.00001

rpcbind=0.0.0.0:38332
rpcallowip=0.0.0.0/0
whitelist=0.0.0.0/0

maxconnections=40
maxuploadtarget=5000

# Network
torpassword=bitcoin
listen=1
listenonion=1
proxy=127.0.0.1:9050
bind=127.0.0.1
onlynet=onion

zmqpubrawblock=tcp://0.0.0.0:28332
zmqpubhashblock=tcp://0.0.0.0:28334

signetchallenge=00000000
# signetchallenge=5121022047cf340e32a1e2d3012d299d8426201dd3b8c1547fefcedef2db6da184e7bdc21021033d2e7b6c05dbab54b0d43b9e18e1d53af709282eb3eea324fbf404e76b8dc63752ae
# addnode=178.62.246.6
# addnode=68.183.118.49
